times,population,R0,R1,R2,R3,R4,R5,R6,R7
0.0,1.0,1.0,1.0,1.0,1.0,1.0,1.0,1.0,1.0
4.0,0.9965217391304348,0.982608695652174,1.0,0.9955156950672643,1.0,1.0,1.0,0.9953488372093023,0.9950980392156864
6.0,0.9930434782608696,0.9652173913043475,1.0,0.9955156950672643,0.9965397923875433,1.0,1.0,0.9953488372093023,0.9950980392156864
7.0,0.9860869565217385,0.9304347826086952,1.0,0.9910313901345287,0.9896193771626294,0.9932885906040264,1.0,0.9860465116279072,0.9803921568627451
8.0,0.9843478260869565,0.9217391304347823,1.0,0.986547085201794,0.9861591695501731,0.9865771812080534,1.0,0.983720930232558,0.9803921568627451
9.0,0.982608695652174,0.9130434782608692,1.0,0.9820627802690584,0.9826989619377163,0.9865771812080534,1.0,0.9813953488372098,0.9803921568627451
10.0,0.9773913043478256,0.88695652173913,1.0,0.9820627802690584,0.9757785467128028,0.9798657718120803,1.0,0.9744186046511627,0.9705882352941179
11.0,0.9739130434782604,0.8695652173913047,1.0,0.9775784753363226,0.9688581314878888,0.9731543624161071,1.0,0.9720930232558143,0.9656862745098043
12.0,0.9704347826086953,0.8521739130434784,1.0,0.9686098654708523,0.9653979238754321,0.9731543624161071,1.0,0.9674418604651165,0.9656862745098043
14.0,0.9634782608695651,0.8173913043478259,1.0,0.9686098654708523,0.9619377162629754,0.9664429530201343,1.0,0.9604651162790704,0.9558823529411767
15.0,0.9599999999999994,0.8,1.0,0.9596412556053808,0.958477508650519,0.9597315436241607,1.0,0.9581395348837214,0.9558823529411767
18.0,0.9582608695652175,0.7913043478260866,1.0,0.9596412556053808,0.9550173010380617,0.9597315436241607,1.0,0.955813953488372,0.9509803921568631
19.0,0.9547826086956518,0.7739130434782606,1.0,0.9596412556053808,0.9550173010380617,0.9597315436241607,1.0,0.9511627906976751,0.9460784313725493
20.0,0.9530434782608697,0.7652173913043481,1.0,0.9551569506726459,0.9515570934256058,0.953020134228188,1.0,0.9488372093023256,0.9460784313725493
21.0,0.9495652173913042,0.7478260869565213,1.0,0.9551569506726459,0.9480968858131489,0.9463087248322148,1.0,0.9441860465116281,0.9362745098039219
22.0,0.9460869565217386,0.7304347826086954,1.0,0.9551569506726459,0.9480968858131489,0.9463087248322148,1.0,0.9395348837209309,0.9313725490196082
23.0,0.9373913043478262,0.6869565217391304,1.0,0.9506726457399101,0.9307958477508649,0.9194630872483223,1.0,0.9302325581395349,0.9166666666666672
24.0,0.9339130434782609,0.6695652173913045,1.0,0.946188340807175,0.927335640138408,0.9194630872483223,1.0,0.9279069767441865,0.9166666666666672
25.0,0.932173913043478,0.6608695652173913,1.0,0.946188340807175,0.9238754325259515,0.9127516778523492,1.0,0.9255813953488374,0.9117647058823536
26.0,0.9252173913043478,0.6260869565217391,1.0,0.946188340807175,0.913494809688581,0.8926174496644295,1.0,0.9162790697674422,0.8970588235294125
28.0,0.923478260869565,0.6173913043478261,1.0,0.946188340807175,0.9100346020761245,0.8859060402684561,1.0,0.9139534883720932,0.8921568627450981
29.0,0.9217391304347823,0.6086956521739132,1.0,0.946188340807175,0.9065743944636674,0.8859060402684561,1.0,0.9116279069767441,0.8872549019607849
30.0,0.9182608695652171,0.5913043478260871,1.0,0.946188340807175,0.9031141868512111,0.8791946308724828,1.0,0.9069767441860468,0.8774509803921571
31.0,0.9147826086956522,0.5739130434782606,1.0,0.946188340807175,0.8961937716262971,0.8724832214765098,1.0,0.9023255813953492,0.8676470588235294
32.0,0.9113043478260866,0.5565217391304346,1.0,0.946188340807175,0.8927335640138406,0.8657718120805368,1.0,0.8976744186046516,0.8578431372549026
33.0,0.9095652173913045,0.5478260869565216,1.0,0.9417040358744392,0.8892733564013842,0.8657718120805368,1.0,0.8953488372093029,0.8578431372549026
34.0,0.9078260869565219,0.5391304347826087,1.0,0.9417040358744392,0.8892733564013842,0.8657718120805368,1.0,0.8930232558139538,0.8529411764705885
35.0,0.9026086956521735,0.5130434782608696,1.0,0.9372197309417039,0.885813148788927,0.8590604026845635,1.0,0.8883720930232561,0.848039215686275
36.0,0.8973913043478259,0.5130434782608696,0.9734513274336284,0.9327354260089684,0.8788927335640137,0.8523489932885905,1.0,0.8813953488372095,0.8431372549019608
37.0,0.893913043478261,0.5043478260869564,0.9646017699115039,0.9282511210762329,0.8788927335640137,0.8523489932885905,1.0,0.8790697674418609,0.8382352941176476
38.0,0.8904347826086954,0.4956521739130435,0.9557522123893805,0.9282511210762329,0.8754325259515571,0.8456375838926173,1.0,0.8767441860465119,0.8333333333333338
40.0,0.8886956521739128,0.48695652173913057,0.9557522123893805,0.9237668161434979,0.8754325259515571,0.8456375838926173,1.0,0.8744186046511632,0.8333333333333338
43.0,0.88695652173913,0.48695652173913057,0.946902654867256,0.9237668161434979,0.8719723183391003,0.8389261744966445,1.0,0.8720930232558141,0.8284313725490199
44.0,0.88,0.46956521739130436,0.9292035398230083,0.9147982062780265,0.8615916955017298,0.8322147651006713,1.0,0.8651162790697674,0.8235294117647061
45.0,0.8747826086956519,0.4608695652173913,0.9115044247787609,0.9058295964125562,0.8615916955017298,0.8322147651006713,1.0,0.8581395348837211,0.8186274509803927
46.0,0.8695652173913039,0.4608695652173913,0.8849557522123895,0.9058295964125562,0.8546712802768167,0.818791946308725,1.0,0.8511627906976743,0.8088235294117647
47.0,0.8643478260869565,0.4521739130434783,0.8672566371681417,0.9058295964125562,0.8477508650519033,0.8120805369127518,1.0,0.8441860465116279,0.7990196078431375
48.0,0.862608695652174,0.4521739130434783,0.8584070796460175,0.9013452914798206,0.8477508650519033,0.8120805369127518,1.0,0.8441860465116279,0.7990196078431375
50.0,0.8608695652173911,0.4521739130434783,0.8495575221238935,0.8968609865470848,0.8442906574394464,0.8120805369127518,1.0,0.8418604651162797,0.7990196078431375
51.0,0.8539130434782605,0.44347826086956516,0.8230088495575222,0.8834080717488788,0.8408304498269893,0.8120805369127518,1.0,0.8348837209302326,0.7990196078431375
52.0,0.8521739130434778,0.44347826086956516,0.8141592920353982,0.8834080717488788,0.837370242214533,0.8120805369127518,1.0,0.832558139534884,0.7941176470588235
53.0,0.8486956521739132,0.44347826086956516,0.7964601769911502,0.8834080717488788,0.8339100346020758,0.8053691275167784,1.0,0.8302325581395348,0.7941176470588235
54.0,0.8434782608695651,0.44347826086956516,0.7699115044247785,0.878923766816143,0.8269896193771628,0.7986577181208055,1.0,0.8232558139534885,0.7892156862745101
55.0,0.8417391304347828,0.44347826086956516,0.7610619469026544,0.874439461883408,0.8235294117647061,0.7919463087248324,1.0,0.8209302325581396,0.7892156862745101
56.0,0.8365217391304345,0.4347826086956521,0.7433628318584067,0.8699551569506726,0.8200692041522493,0.7852348993288591,1.0,0.8139534883720929,0.7794117647058826
57.0,0.8313043478260871,0.426086956521739,0.7256637168141593,0.8699551569506726,0.8131487889273354,0.7718120805369127,1.0,0.8069767441860468,0.7647058823529415
58.0,0.8278260869565218,0.4173913043478261,0.7168141592920355,0.8699551569506726,0.809688581314879,0.7651006711409397,1.0,0.8023255813953494,0.7598039215686279
59.0,0.8243478260869567,0.4173913043478261,0.6991150442477875,0.8654708520179372,0.8062283737024217,0.7583892617449666,1.0,0.797674418604651,0.7598039215686279
60.0,0.8226086956521734,0.4173913043478261,0.6902654867256636,0.8654708520179372,0.8027681660899653,0.7583892617449666,1.0,0.797674418604651,0.7598039215686279
61.0,0.8208695652173909,0.4173913043478261,0.6814159292035399,0.8654708520179372,0.8027681660899653,0.7583892617449666,1.0,0.7953488372093023,0.7598039215686279
62.0,0.8191304347826085,0.4173913043478261,0.6725663716814158,0.8654708520179372,0.8027681660899653,0.7583892617449666,1.0,0.7930232558139538,0.7598039215686279
65.0,0.8121739130434782,0.40869565217391296,0.6460176991150439,0.8609865470852017,0.7958477508650519,0.74496644295302,1.0,0.7837209302325582,0.7450980392156865
67.0,0.8104347826086952,0.39999999999999997,0.6460176991150439,0.8609865470852017,0.7958477508650519,0.74496644295302,1.0,0.7837209302325582,0.7450980392156865
68.0,0.8069565217391302,0.39999999999999997,0.6283185840707963,0.8565022421524663,0.7923875432525953,0.74496644295302,1.0,0.7813953488372094,0.7450980392156865
69.0,0.8034782608695649,0.39130434782608686,0.6194690265486726,0.8520179372197308,0.7889273356401385,0.7382550335570472,1.0,0.7767441860465122,0.7450980392156865
70.0,0.8,0.39130434782608686,0.6017699115044248,0.8520179372197308,0.7854671280276817,0.7315436241610737,1.0,0.7720930232558139,0.7352941176470589
71.0,0.7965217391304349,0.39130434782608686,0.5840707964601767,0.8475336322869956,0.7854671280276817,0.7315436241610737,1.0,0.7674418604651163,0.7303921568627454
72.0,0.7947826086956523,0.39130434782608686,0.5752212389380528,0.8475336322869956,0.7854671280276817,0.7315436241610737,1.0,0.7651162790697676,0.7254901960784313
73.0,0.7913043478260866,0.39130434782608686,0.5575221238938051,0.8475336322869956,0.782006920415225,0.7248322147651008,1.0,0.76046511627907,0.715686274509804
74.0,0.7860869565217393,0.3826086956521738,0.5398230088495575,0.8385650224215248,0.7716262975778546,0.7181208053691271,1.0,0.7558139534883721,0.715686274509804
75.0,0.7843478260869565,0.3826086956521738,0.5309734513274333,0.8385650224215248,0.7681660899653977,0.7114093959731541,1.0,0.7534883720930232,0.7107843137254902
76.0,0.7808695652173913,0.3652173913043478,0.5309734513274333,0.8295964125560534,0.7647058823529408,0.7114093959731541,1.0,0.7488372093023259,0.7107843137254902
78.0,0.7756521739130434,0.3565217391304348,0.5132743362831856,0.8206278026905832,0.7577854671280276,0.704697986577181,1.0,0.7441860465116279,0.7058823529411767
79.0,0.7686956521739127,0.3478260869565217,0.5044247787610618,0.8071748878923767,0.7508650519031141,0.6979865771812079,1.0,0.7372093023255814,0.7009803921568627
80.0,0.7652173913043474,0.3391304347826086,0.5044247787610618,0.8026905829596411,0.7439446366782003,0.6912751677852349,1.0,0.7348837209302329,0.6960784313725493
81.0,0.7582608695652171,0.30434782608695643,0.5044247787610618,0.8026905829596411,0.7335640138408303,0.6845637583892614,1.0,0.727906976744186,0.6862745098039215
83.0,0.7547826086956522,0.30434782608695643,0.49557522123893816,0.7982062780269057,0.7335640138408303,0.6845637583892614,1.0,0.7255813953488375,0.6813725490196079
84.0,0.7495652173913039,0.30434782608695643,0.48672566371681414,0.7892376681614346,0.7266435986159167,0.6778523489932887,1.0,0.7209302325581399,0.6764705882352946
85.0,0.746086956521739,0.30434782608695643,0.48672566371681414,0.7847533632286998,0.7231833910034601,0.6711409395973157,1.0,0.7186046511627912,0.6715686274509807
86.0,0.7408695652173914,0.2956521739130435,0.47787610619469023,0.7802690582959642,0.7162629757785464,0.6711409395973157,1.0,0.7162790697674417,0.6666666666666671
87.0,0.7304347826086954,0.2956521739130435,0.47787610619469023,0.7668161434977581,0.7093425605536333,0.6577181208053694,1.0,0.7023255813953491,0.6568627450980392
89.0,0.7269565217391303,0.2956521739130435,0.4690265486725663,0.757847533632287,0.7024221453287195,0.6442953020134227,1.0,0.6976744186046513,0.6568627450980392
90.0,0.7199999999999996,0.2956521739130435,0.4690265486725663,0.7488789237668163,0.6885813148788925,0.6241610738255036,1.0,0.6883720930232559,0.6470588235294118
91.0,0.7165217391304348,0.2956521739130435,0.4690265486725663,0.7488789237668163,0.6851211072664358,0.6174496644295303,1.0,0.6837209302325582,0.6372549019607844
92.0,0.7113043478260871,0.2869565217391304,0.4690265486725663,0.744394618834081,0.6747404844290656,0.5973154362416105,1.0,0.676744186046512,0.6323529411764707
93.0,0.709565217391304,0.2869565217391304,0.4690265486725663,0.744394618834081,0.671280276816609,0.5906040268456377,1.0,0.6744186046511629,0.6274509803921569
94.0,0.7043478260869561,0.2869565217391304,0.46017699115044247,0.744394618834081,0.6678200692041522,0.5838926174496644,1.0,0.6674418604651167,0.6176470588235295
95.0,0.7008695652173909,0.2869565217391304,0.46017699115044247,0.744394618834081,0.6608996539792387,0.5704697986577182,1.0,0.6627906976744189,0.6127450980392161
96.0,0.697391304347826,0.2869565217391304,0.46017699115044247,0.739910313901345,0.6574394463667819,0.5704697986577182,1.0,0.6604651162790701,0.6078431372549022
97.0,0.6956521739130431,0.27826086956521734,0.46017699115044247,0.739910313901345,0.6539792387543253,0.5704697986577182,1.0,0.6604651162790701,0.6078431372549022
98.0,0.6921739130434781,0.27826086956521734,0.46017699115044247,0.739910313901345,0.6470588235294118,0.557046979865772,1.0,0.6558139534883725,0.6029411764705882
99.0,0.6869565217391304,0.26956521739130435,0.46017699115044247,0.73542600896861,0.6366782006920416,0.5436241610738257,1.0,0.6488372093023256,0.5980392156862748
100.0,0.683478260869565,0.26956521739130435,0.45132743362831845,0.7309417040358743,0.6297577854671278,0.5302013422818792,1.0,0.6441860465116281,0.5931372549019611
101.0,0.6817391304347822,0.26956521739130435,0.44247787610619455,0.7309417040358743,0.6262975778546713,0.5302013422818792,1.0,0.6441860465116281,0.5931372549019611
102.0,0.6747826086956521,0.26956521739130435,0.43362831858407064,0.7264573991031387,0.612456747404844,0.516778523489933,1.0,0.6395348837209307,0.5882352941176472
103.0,0.6713043478260868,0.26956521739130435,0.43362831858407064,0.7264573991031387,0.605536332179931,0.5100671140939597,1.0,0.6348837209302327,0.5833333333333337
104.0,0.6678260869565216,0.26956521739130435,0.4247787610619469,0.7219730941704037,0.5986159169550174,0.4966442953020136,1.0,0.6302325581395352,0.57843137254902
105.0,0.6643478260869564,0.2608695652173913,0.4247787610619469,0.7130044843049327,0.591695501730104,0.4832214765100671,1.0,0.6255813953488374,0.57843137254902
106.0,0.6556521739130434,0.25217391304347825,0.4159292035398228,0.7085201793721974,0.5847750865051902,0.46979865771812096,1.0,0.6186046511627908,0.5686274509803922
107.0,0.6539130434782607,0.25217391304347825,0.4159292035398228,0.7085201793721974,0.5847750865051902,0.46979865771812096,1.0,0.616279069767442,0.5686274509803922
110.0,0.6504347826086957,0.25217391304347825,0.407079646017699,0.7085201793721974,0.5813148788927334,0.46308724832214776,1.0,0.6116279069767444,0.5588235294117649
111.0,0.6486956521739131,0.25217391304347825,0.407079646017699,0.7085201793721974,0.5778546712802769,0.4563758389261746,1.0,0.6093023255813953,0.5539215686274513
113.0,0.64695652173913,0.25217391304347825,0.407079646017699,0.7085201793721974,0.5778546712802769,0.4563758389261746,1.0,0.6069767441860469,0.5490196078431372
115.0,0.6382608695652174,0.25217391304347825,0.38938053097345116,0.6995515695067265,0.5674740484429066,0.4496644295302012,1.0,0.6023255813953488,0.5392156862745101
116.0,0.634782608695652,0.25217391304347825,0.3716814159292035,0.6905829596412558,0.5640138408304497,0.4496644295302012,1.0,0.6000000000000001,0.5392156862745101
118.0,0.6330434782608694,0.25217391304347825,0.3716814159292035,0.6905829596412558,0.5605536332179928,0.4496644295302012,1.0,0.6000000000000001,0.5392156862745101
119.0,0.6260869565217391,0.24347826086956517,0.3716814159292035,0.6816143497757847,0.5570934256055363,0.442953020134228,1.0,0.5906976744186048,0.5343137254901961
120.0,0.6208695652173909,0.24347826086956517,0.3716814159292035,0.6771300448430493,0.5536332179930793,0.442953020134228,1.0,0.5837209302325581,0.5343137254901961
121.0,0.6156521739130432,0.24347826086956517,0.3716814159292035,0.6771300448430493,0.5501730103806227,0.43624161073825485,1.0,0.5767441860465119,0.5196078431372549
122.0,0.6086956521739126,0.24347826086956517,0.35398230088495564,0.6681614349775784,0.5501730103806227,0.43624161073825485,1.0,0.5720930232558139,0.5147058823529412
123.0,0.6034782608695651,0.24347826086956517,0.3362831858407078,0.6681614349775784,0.5397923875432525,0.43624161073825485,1.0,0.5697674418604655,0.5147058823529412
124.0,0.6000000000000001,0.24347826086956517,0.32743362831858397,0.6591928251121074,0.5363321799307958,0.4295302013422817,1.0,0.5651162790697675,0.5147058823529412
126.0,0.5982608695652171,0.24347826086956517,0.31858407079646006,0.6591928251121074,0.5328719723183392,0.4295302013422817,1.0,0.5627906976744189,0.5147058823529412
127.0,0.5965217391304344,0.24347826086956517,0.30973451327433615,0.6591928251121074,0.5294117647058821,0.42281879194630867,1.0,0.5604651162790698,0.5098039215686275
129.0,0.5947826086956518,0.24347826086956517,0.30973451327433615,0.6591928251121074,0.5294117647058821,0.42281879194630867,1.0,0.558139534883721,0.5098039215686275
130.0,0.5913043478260871,0.24347826086956517,0.30973451327433615,0.6547085201793721,0.5259515570934256,0.4161073825503356,1.0,0.5558139534883725,0.5098039215686275
131.0,0.589565217391304,0.24347826086956517,0.30973451327433615,0.6502242152466365,0.5224913494809688,0.40939597315436244,1.0,0.5534883720930236,0.5098039215686275
132.0,0.5878260869565216,0.24347826086956517,0.30973451327433615,0.6502242152466365,0.519031141868512,0.40939597315436244,1.0,0.5534883720930236,0.5098039215686275
133.0,0.5860869565217389,0.24347826086956517,0.30973451327433615,0.6502242152466365,0.5155709342560553,0.40939597315436244,1.0,0.5511627906976747,0.5098039215686275
134.0,0.5843478260869563,0.24347826086956517,0.30973451327433615,0.6457399103139013,0.5155709342560553,0.40939597315436244,1.0,0.5511627906976747,0.5098039215686275
136.0,0.5808695652173914,0.24347826086956517,0.30088495575221236,0.6412556053811657,0.5121107266435984,0.40939597315436244,1.0,0.5488372093023259,0.5049019607843139
137.0,0.5791304347826086,0.24347826086956517,0.30088495575221236,0.6367713004484306,0.5121107266435984,0.40939597315436244,1.0,0.5488372093023259,0.5049019607843139
138.0,0.5773913043478257,0.24347826086956517,0.30088495575221236,0.6367713004484306,0.5086505190311417,0.40939597315436244,1.0,0.5465116279069768,0.49999999999999994
139.0,0.5756521739130434,0.24347826086956517,0.30088495575221236,0.6322869955156951,0.505190311418685,0.40939597315436244,1.0,0.5441860465116282,0.49999999999999994
140.0,0.5739130434782606,0.24347826086956517,0.30088495575221236,0.6278026905829593,0.505190311418685,0.40939597315436244,1.0,0.5418604651162789,0.49999999999999994
142.0,0.5686956521739129,0.24347826086956517,0.30088495575221236,0.623318385650224,0.49480968858131463,0.4026845637583891,1.0,0.5372093023255814,0.49999999999999994
143.0,0.5652173913043476,0.24347826086956517,0.2920353982300884,0.618834080717489,0.4913494809688581,0.3959731543624162,1.0,0.5348837209302328,0.49999999999999994
144.0,0.5599999999999999,0.24347826086956517,0.28318584070796454,0.6098654708520181,0.48442906574394434,0.38926174496644284,1.0,0.5302325581395352,0.49509803921568657
147.0,0.5582608695652173,0.23478260869565215,0.28318584070796454,0.6098654708520181,0.48096885813148765,0.38926174496644284,1.0,0.5302325581395352,0.49509803921568657
148.0,0.5547826086956519,0.23478260869565215,0.28318584070796454,0.6053811659192826,0.47750865051903124,0.3825503355704698,1.0,0.5255813953488375,0.4901960784313729
150.0,0.5530434782608695,0.23478260869565215,0.28318584070796454,0.6053811659192826,0.4740484429065744,0.37583892617449677,1.0,0.5232558139534885,0.48529411764705893
151.0,0.5513043478260866,0.23478260869565215,0.28318584070796454,0.6053811659192826,0.47058823529411775,0.36912751677852357,1.0,0.5209302325581395,0.48039215686274545
152.0,0.5495652173913043,0.23478260869565215,0.28318584070796454,0.6053811659192826,0.4671280276816609,0.36241610738255037,1.0,0.5186046511627909,0.4754901960784315
153.0,0.5478260869565216,0.23478260869565215,0.28318584070796454,0.6053811659192826,0.463667820069204,0.3557046979865772,1.0,0.516279069767442,0.47058823529411775
154.0,0.5460869565217389,0.23478260869565215,0.28318584070796454,0.6053811659192826,0.4602076124567473,0.3557046979865772,1.0,0.516279069767442,0.47058823529411775
155.0,0.5443478260869562,0.23478260869565215,0.28318584070796454,0.6053811659192826,0.4602076124567473,0.3557046979865772,1.0,0.513953488372093,0.47058823529411775
156.0,0.5391304347826087,0.21739130434782603,0.28318584070796454,0.6008968609865469,0.45674740484429044,0.3489932885906041,1.0,0.5093023255813955,0.46078431372549034
157.0,0.5373913043478262,0.21739130434782603,0.28318584070796454,0.5964125560538116,0.45674740484429044,0.3489932885906041,1.0,0.5093023255813955,0.46078431372549034
159.0,0.532173913043478,0.19999999999999998,0.28318584070796454,0.5964125560538116,0.449826989619377,0.3422818791946308,1.0,0.5046511627906979,0.4558823529411768
161.0,0.528695652173913,0.19999999999999998,0.27433628318584063,0.591928251121076,0.44636678200692026,0.3355704697986577,1.0,0.5023255813953491,0.450980392156863
162.0,0.5252173913043477,0.19999999999999998,0.27433628318584063,0.591928251121076,0.4394463667820068,0.3288590604026845,1.0,0.49999999999999994,0.44607843137254904
164.0,0.5200000000000001,0.19999999999999998,0.2654867256637168,0.5784753363228698,0.4394463667820068,0.3288590604026845,1.0,0.4953488372093026,0.44607843137254904
166.0,0.5165217391304348,0.19999999999999998,0.2654867256637168,0.5784753363228698,0.4359861591695501,0.32214765100671144,1.0,0.49069767441860485,0.43627450980392163
167.0,0.5130434782608696,0.19130434782608696,0.2654867256637168,0.569506726457399,0.4325259515570935,0.3154362416107382,1.0,0.4860465116279071,0.43627450980392163
168.0,0.5060869565217392,0.18260869565217389,0.2654867256637168,0.569506726457399,0.4256055363321797,0.3154362416107382,1.0,0.4813953488372093,0.42647058823529427
169.0,0.5043478260869564,0.18260869565217389,0.2654867256637168,0.569506726457399,0.4256055363321797,0.3154362416107382,1.0,0.4790697674418607,0.42156862745098034
170.0,0.4991304347826087,0.18260869565217389,0.2654867256637168,0.569506726457399,0.41868512110726647,0.3154362416107382,1.0,0.472093023255814,0.4166666666666669
171.0,0.49739130434782586,0.18260869565217389,0.2654867256637168,0.5650224215246636,0.41522491349480956,0.3154362416107382,1.0,0.472093023255814,0.4166666666666669
174.0,0.4956521739130435,0.18260869565217389,0.2654867256637168,0.5650224215246636,0.41522491349480956,0.3154362416107382,1.0,0.4697674418604654,0.4166666666666669
175.0,0.49043478260869566,0.18260869565217389,0.2566371681415929,0.5605381165919284,0.41522491349480956,0.3154362416107382,0.9913793103448278,0.4674418604651164,0.4166666666666669
176.0,0.4869565217391301,0.18260869565217389,0.2566371681415929,0.5605381165919284,0.41522491349480956,0.3154362416107382,0.9913793103448278,0.46279069767441866,0.4068627450980395
177.0,0.4852173913043476,0.18260869565217389,0.2566371681415929,0.5605381165919284,0.41522491349480956,0.3154362416107382,0.9913793103448278,0.4604651162790699,0.4019607843137257
180.0,0.4817391304347825,0.18260869565217389,0.24778761061946894,0.5515695067264571,0.41522491349480956,0.3154362416107382,0.9913793103448278,0.45813953488372106,0.4019607843137257
181.0,0.47826086956521746,0.18260869565217389,0.2389380530973451,0.5426008968609867,0.411764705882353,0.3154362416107382,0.9827586206896555,0.4534883720930234,0.4019607843137257
182.0,0.4765217391304348,0.18260869565217389,0.2389380530973451,0.538116591928251,0.4083044982698963,0.3154362416107382,0.9827586206896555,0.45116279069767456,0.4019607843137257
183.0,0.4747826086956521,0.18260869565217389,0.2389380530973451,0.538116591928251,0.4083044982698963,0.3154362416107382,0.9827586206896555,0.45116279069767456,0.4019607843137257
184.0,0.46956521739130436,0.18260869565217389,0.2389380530973451,0.5336322869955158,0.40484429065743943,0.3154362416107382,0.9655172413793102,0.444186046511628,0.392156862745098
186.0,0.4660869565217389,0.18260869565217389,0.2300884955752212,0.5246636771300449,0.40484429065743943,0.3154362416107382,0.9568965517241379,0.4418604651162792,0.392156862745098
187.0,0.46434782608695646,0.18260869565217389,0.2300884955752212,0.5201793721973093,0.40484429065743943,0.3154362416107382,0.948275862068966,0.4418604651162792,0.392156862745098
188.0,0.4608695652173911,0.18260869565217389,0.2300884955752212,0.515695067264574,0.4013840830449826,0.3087248322147651,0.948275862068966,0.43720930232558153,0.38725490196078444
189.0,0.4591304347826085,0.18260869565217389,0.2300884955752212,0.515695067264574,0.39792387543252594,0.3020134228187919,0.948275862068966,0.43488372093023275,0.3823529411764707
190.0,0.45565217391304325,0.18260869565217389,0.2300884955752212,0.515695067264574,0.39792387543252594,0.3020134228187919,0.939655172413793,0.43255813953488403,0.3774509803921571
191.0,0.4539130434782609,0.18260869565217389,0.2300884955752212,0.515695067264574,0.3944636678200692,0.3020134228187919,0.931034482758621,0.4302325581395348,0.3774509803921571
192.0,0.45043478260869535,0.18260869565217389,0.2300884955752212,0.5067264573991033,0.3875432525951555,0.29530201342281875,0.931034482758621,0.42790697674418626,0.3774509803921571
193.0,0.4486956521739129,0.18260869565217389,0.2300884955752212,0.5022421524663675,0.3840830449826988,0.29530201342281875,0.931034482758621,0.42790697674418626,0.3774509803921571
196.0,0.4469565217391305,0.18260869565217389,0.2300884955752212,0.5022421524663675,0.3840830449826988,0.29530201342281875,0.9224137931034481,0.4255813953488375,0.37254901960784326
198.0,0.44347826086956493,0.18260869565217389,0.2300884955752212,0.4977578475336321,0.3806228373702423,0.29530201342281875,0.9137931034482758,0.4255813953488375,0.37254901960784326
199.0,0.4417391304347825,0.18260869565217389,0.2300884955752212,0.493273542600897,0.3806228373702423,0.29530201342281875,0.9137931034482758,0.4232558139534884,0.37254901960784326
200.0,0.43999999999999995,0.18260869565217389,0.2300884955752212,0.4887892376681613,0.3806228373702423,0.29530201342281875,0.9137931034482758,0.4232558139534884,0.37254901960784326
203.0,0.4365217391304345,0.17391304347826084,0.2300884955752212,0.4843049327354261,0.3771626297577853,0.2885906040268456,0.9051724137931033,0.42093023255813977,0.36764705882352944
204.0,0.4347826086956519,0.17391304347826084,0.2300884955752212,0.4843049327354261,0.3737024221453287,0.2885906040268456,0.896551724137931,0.41860465116279083,0.36274509803921595
207.0,0.43304347826086936,0.1652173913043478,0.2300884955752212,0.4843049327354261,0.3737024221453287,0.2885906040268456,0.896551724137931,0.41627906976744194,0.357843137254902
208.0,0.43130434782608695,0.1652173913043478,0.2300884955752212,0.47982062780269036,0.3737024221453287,0.2885906040268456,0.8879310344827588,0.4139534883720931,0.357843137254902
209.0,0.4295652173913044,0.1652173913043478,0.22123893805309724,0.47982062780269036,0.3737024221453287,0.2885906040268456,0.8879310344827588,0.4139534883720931,0.357843137254902
210.0,0.4260869565217392,0.1652173913043478,0.22123893805309724,0.47982062780269036,0.3737024221453287,0.2885906040268456,0.8706896551724141,0.4093023255813953,0.3480392156862746
211.0,0.42434782608695654,0.15652173913043474,0.22123893805309724,0.47533632286995503,0.37024221453287176,0.2885906040268456,0.8706896551724141,0.4069767441860468,0.3480392156862746
212.0,0.42260869565217374,0.15652173913043474,0.22123893805309724,0.47533632286995503,0.37024221453287176,0.2885906040268456,0.8620689655172419,0.4046511627906978,0.343137254901961
215.0,0.42086956521739133,0.15652173913043474,0.22123893805309724,0.47533632286995503,0.37024221453287176,0.2885906040268456,0.853448275862069,0.4023255813953491,0.343137254901961
216.0,0.41913043478260853,0.15652173913043474,0.22123893805309724,0.47533632286995503,0.36678200692041507,0.2818791946308725,0.853448275862069,0.39999999999999997,0.33823529411764724
217.0,0.41739130434782595,0.15652173913043474,0.22123893805309724,0.47085201793721954,0.36678200692041507,0.2818791946308725,0.853448275862069,0.3976744186046514,0.33823529411764724
218.0,0.41565217391304354,0.15652173913043474,0.22123893805309724,0.47085201793721954,0.36678200692041507,0.2818791946308725,0.853448275862069,0.39534883720930253,0.33333333333333354
220.0,0.40869565217391296,0.15652173913043474,0.22123893805309724,0.4663677130044842,0.35294117647058804,0.2751677852348994,0.844827586206897,0.3906976744186047,0.3284313725490196
222.0,0.40695652173913044,0.15652173913043474,0.22123893805309724,0.4618834080717489,0.35294117647058804,0.2751677852348994,0.844827586206897,0.3906976744186047,0.3284313725490196
224.0,0.4017391304347824,0.15652173913043474,0.22123893805309724,0.4529147982062781,0.3460207612456748,0.2751677852348994,0.844827586206897,0.38604651162790726,0.32352941176470584
225.0,0.39999999999999997,0.15652173913043474,0.22123893805309724,0.4529147982062781,0.3425605536332179,0.2684563758389261,0.844827586206897,0.3837209302325581,0.31862745098039214
226.0,0.3947826086956522,0.15652173913043474,0.21238938053097342,0.4529147982062781,0.3356401384083044,0.261744966442953,0.8362068965517243,0.37674418604651155,0.3137254901960784
227.0,0.39130434782608686,0.15652173913043474,0.21238938053097342,0.44394618834080707,0.32871972318339093,0.261744966442953,0.8275862068965517,0.37441860465116295,0.3137254901960784
228.0,0.38782608695652165,0.15652173913043474,0.2035398230088495,0.4394618834080719,0.32871972318339093,0.261744966442953,0.8189655172413793,0.36976744186046523,0.3137254901960784
231.0,0.382608695652174,0.14782608695652175,0.2035398230088495,0.4349775784753363,0.3252595155709342,0.25503355704697983,0.8189655172413793,0.3651162790697674,0.3088235294117648
232.0,0.37913043478260855,0.14782608695652175,0.2035398230088495,0.4260089686098654,0.3252595155709342,0.25503355704697983,0.8017241379310349,0.36279069767441874,0.3088235294117648
233.0,0.3756521739130435,0.14782608695652175,0.2035398230088495,0.4260089686098654,0.31833910034602075,0.25503355704697983,0.7844827586206895,0.35813953488372113,0.3088235294117648
237.0,0.37391304347826065,0.14782608695652175,0.2035398230088495,0.4260089686098654,0.31487889273356384,0.25503355704697983,0.7758620689655173,0.35581395348837214,0.3039215686274511
238.0,0.3721739130434781,0.14782608695652175,0.2035398230088495,0.4260089686098654,0.3114186851211072,0.25503355704697983,0.7672413793103448,0.35348837209302336,0.3039215686274511
239.0,0.37043478260869567,0.14782608695652175,0.19469026548672566,0.4260089686098654,0.3114186851211072,0.25503355704697983,0.7672413793103448,0.35348837209302336,0.3039215686274511
242.0,0.3669565217391304,0.14782608695652175,0.19469026548672566,0.42152466367713,0.3079584775086504,0.25503355704697983,0.7500000000000001,0.3488372093023256,0.29901960784313736
243.0,0.3634782608695651,0.13913043478260867,0.19469026548672566,0.4170403587443947,0.30449826989619383,0.25503355704697983,0.7413793103448274,0.3441860465116279,0.29901960784313736
244.0,0.3617391304347825,0.13913043478260867,0.19469026548672566,0.4125560538116592,0.301038062283737,0.25503355704697983,0.7327586206896555,0.34186046511627904,0.29901960784313736
245.0,0.35826086956521735,0.13913043478260867,0.19469026548672566,0.4080717488789236,0.301038062283737,0.25503355704697983,0.7241379310344827,0.33953488372093027,0.29901960784313736
246.0,0.3565217391304348,0.13913043478260867,0.18584070796460173,0.4080717488789236,0.301038062283737,0.25503355704697983,0.7241379310344827,0.33953488372093027,0.29901960784313736
248.0,0.354782608695652,0.13913043478260867,0.17699115044247782,0.4035874439461883,0.301038062283737,0.25503355704697983,0.7241379310344827,0.33720930232558144,0.29901960784313736
250.0,0.3530434782608694,0.13913043478260867,0.17699115044247782,0.3991031390134528,0.2975778546712801,0.24832214765100669,0.7241379310344827,0.33488372093023266,0.29901960784313736
253.0,0.351304347826087,0.13913043478260867,0.1681415929203539,0.3991031390134528,0.2975778546712801,0.24832214765100669,0.7241379310344827,0.3325581395348837,0.29411764705882354
255.0,0.3478260869565215,0.13913043478260867,0.1681415929203539,0.3991031390134528,0.29411764705882354,0.24832214765100669,0.7068965517241382,0.330232558139535,0.29411764705882354
256.0,0.346086956521739,0.13913043478260867,0.15929203539823003,0.39461883408071763,0.2906574394463667,0.24832214765100669,0.7068965517241382,0.3279069767441862,0.29411764705882354
259.0,0.34260869565217383,0.13913043478260867,0.15929203539823003,0.390134529147982,0.2871972318339101,0.2416107382550335,0.6982758620689659,0.32325581395348835,0.28921568627450994
260.0,0.3391304347826086,0.13913043478260867,0.15929203539823003,0.3856502242152465,0.2871972318339101,0.2416107382550335,0.6810344827586208,0.32093023255813974,0.2843137254901961
267.0,0.33739130434782605,0.13913043478260867,0.15929203539823003,0.3856502242152465,0.2871972318339101,0.2416107382550335,0.6724137931034484,0.32093023255813974,0.2843137254901961
268.0,0.3339130434782608,0.13913043478260867,0.15044247787610618,0.38116591928251126,0.2871972318339101,0.2416107382550335,0.6637931034482761,0.3162790697674421,0.27941176470588247
273.0,0.3321739130434782,0.13913043478260867,0.15044247787610618,0.38116591928251126,0.2871972318339101,0.2416107382550335,0.6551724137931035,0.31395348837209314,0.2745098039215688
274.0,0.32695652173913037,0.13913043478260867,0.15044247787610618,0.38116591928251126,0.27681660899653965,0.22818791946308728,0.6465517241379309,0.30697674418604654,0.2598039215686276
276.0,0.3252173913043478,0.13913043478260867,0.15044247787610618,0.37668161434977565,0.273356401384083,0.22147651006711408,0.6465517241379309,0.30465116279069765,0.2598039215686276
279.0,0.32347826086956527,0.13913043478260867,0.15044247787610618,0.37668161434977565,0.2698961937716262,0.21476510067114093,0.6465517241379309,0.3023255813953489,0.2598039215686276
280.0,0.3217391304347824,0.13913043478260867,0.15044247787610618,0.37219730941704043,0.2698961937716262,0.21476510067114093,0.6465517241379309,0.3023255813953489,0.2598039215686276
282.0,0.32,0.13913043478260867,0.15044247787610618,0.367713004484305,0.2698961937716262,0.21476510067114093,0.637931034482759,0.30000000000000004,0.2598039215686276
285.0,0.3147826086956522,0.13913043478260867,0.15044247787610618,0.3587443946188339,0.2629757785467128,0.2080536912751678,0.637931034482759,0.2953488372093024,0.2549019607843139
287.0,0.3130434782608695,0.13913043478260867,0.15044247787610618,0.3587443946188339,0.2629757785467128,0.2080536912751678,0.637931034482759,0.29302325581395355,0.25000000000000006
289.0,0.31130434782608685,0.13913043478260867,0.15044247787610618,0.3587443946188339,0.2595155709342559,0.20134228187919465,0.637931034482759,0.29069767441860483,0.24509803921568632
290.0,0.3078260869565216,0.13913043478260867,0.15044247787610618,0.3542600896860986,0.2525951557093425,0.20134228187919465,0.637931034482759,0.29069767441860483,0.24509803921568632
292.0,0.30608695652173895,0.13913043478260867,0.15044247787610618,0.3542600896860986,0.24913494809688577,0.20134228187919465,0.637931034482759,0.29069767441860483,0.24509803921568632
296.0,0.3043478260869566,0.13913043478260867,0.15044247787610618,0.3542600896860986,0.24913494809688577,0.20134228187919465,0.6293103448275862,0.28837209302325595,0.24509803921568632
297.0,0.30260869565217385,0.13913043478260867,0.15044247787610618,0.3542600896860986,0.24913494809688577,0.20134228187919465,0.6293103448275862,0.28604651162790695,0.24019607843137258
299.0,0.30086956521739133,0.13913043478260867,0.15044247787610618,0.3497757847533632,0.24913494809688577,0.20134228187919465,0.6293103448275862,0.2837209302325583,0.24019607843137258
300.0,0.29913043478260853,0.13913043478260867,0.15044247787610618,0.3497757847533632,0.24567474048442903,0.1946308724832215,0.6293103448275862,0.28139534883720946,0.23529411764705896
306.0,0.2956521739130435,0.13913043478260867,0.14159292035398224,0.3497757847533632,0.24221453287197237,0.1879194630872483,0.6293103448275862,0.27674418604651174,0.22549019607843146
307.0,0.2921739130434781,0.13913043478260867,0.13274336283185836,0.34529147982062786,0.2387543252595156,0.18120805369127516,0.6293103448275862,0.2720930232558141,0.2205882352941177
310.0,0.29043478260869565,0.13913043478260867,0.13274336283185836,0.34529147982062786,0.2387543252595156,0.18120805369127516,0.6206896551724139,0.26976744186046514,0.2205882352941177
313.0,0.2886956521739131,0.13913043478260867,0.13274336283185836,0.34080717488789236,0.2387543252595156,0.18120805369127516,0.6120689655172415,0.26976744186046514,0.2205882352941177
317.0,0.2869565217391303,0.13913043478260867,0.13274336283185836,0.34080717488789236,0.2387543252595156,0.18120805369127516,0.6034482758620693,0.26744186046511637,0.21568627450980396
321.0,0.28521739130434787,0.13043478260869565,0.13274336283185836,0.34080717488789236,0.23529411764705885,0.174496644295302,0.6034482758620693,0.2651162790697676,0.21568627450980396
324.0,0.2834782608695651,0.13043478260869565,0.13274336283185836,0.34080717488789236,0.23183391003460196,0.1677852348993288,0.6034482758620693,0.26279069767441876,0.21078431372549025
325.0,0.28173913043478244,0.13043478260869565,0.13274336283185836,0.34080717488789236,0.23183391003460196,0.1677852348993288,0.6034482758620693,0.2604651162790697,0.21078431372549025
328.0,0.27999999999999997,0.13043478260869565,0.13274336283185836,0.34080717488789236,0.23183391003460196,0.1677852348993288,0.6034482758620693,0.25813953488372093,0.21078431372549025
332.0,0.27826086956521723,0.13043478260869565,0.13274336283185836,0.34080717488789236,0.23183391003460196,0.1677852348993288,0.6034482758620693,0.25581395348837227,0.20588235294117654
339.0,0.2765217391304347,0.13043478260869565,0.13274336283185836,0.34080717488789236,0.22837370242214522,0.1677852348993288,0.5948275862068968,0.2534883720930233,0.20098039215686284
343.0,0.27478260869565213,0.13043478260869565,0.12389380530973446,0.34080717488789236,0.22491349480968847,0.16107382550335572,0.5948275862068968,0.25116279069767455,0.19607843137254907
348.0,0.2730434782608694,0.13043478260869565,0.12389380530973446,0.34080717488789236,0.22491349480968847,0.16107382550335572,0.5948275862068968,0.24883720930232556,0.19117647058823534
349.0,0.2713043478260869,0.13043478260869565,0.12389380530973446,0.34080717488789236,0.22145328719723173,0.16107382550335572,0.5862068965517244,0.24651162790697675,0.1862745098039216
353.0,0.26956521739130435,0.13043478260869565,0.12389380530973446,0.34080717488789236,0.217993079584775,0.16107382550335572,0.5862068965517244,0.2441860465116279,0.1813725490196079
354.0,0.26434782608695645,0.12173913043478257,0.12389380530973446,0.34080717488789236,0.217993079584775,0.16107382550335572,0.5862068965517244,0.2418604651162791,0.17647058823529416
355.0,0.2626086956521738,0.12173913043478257,0.12389380530973446,0.34080717488789236,0.217993079584775,0.16107382550335572,0.5775862068965516,0.23953488372093032,0.17156862745098042
360.0,0.2608695652173912,0.12173913043478257,0.12389380530973446,0.34080717488789236,0.217993079584775,0.16107382550335572,0.5689655172413792,0.23720930232558135,0.16666666666666674
361.0,0.25913043478260867,0.12173913043478257,0.12389380530973446,0.34080717488789236,0.217993079584775,0.16107382550335572,0.5603448275862069,0.2348837209302327,0.16666666666666674
362.0,0.2573913043478259,0.12173913043478257,0.12389380530973446,0.34080717488789236,0.217993079584775,0.16107382550335572,0.5603448275862069,0.2348837209302327,0.16666666666666674
364.0,0.25565217391304335,0.12173913043478257,0.12389380530973446,0.3363228699551568,0.21453287197231832,0.15436241610738255,0.5603448275862069,0.23255813953488388,0.16666666666666674
369.0,0.25391304347826077,0.12173913043478257,0.12389380530973446,0.3363228699551568,0.21453287197231832,0.15436241610738255,0.5517241379310344,0.23023255813953492,0.161764705882353
373.0,0.25217391304347814,0.12173913043478257,0.12389380530973446,0.33183856502242165,0.21107266435986158,0.14765100671140943,0.5517241379310344,0.2279069767441862,0.161764705882353
374.0,0.2504347826086956,0.12173913043478257,0.12389380530973446,0.327354260089686,0.21107266435986158,0.14765100671140943,0.5431034482758621,0.2279069767441862,0.161764705882353
377.0,0.2486956521739129,0.11304347826086955,0.12389380530973446,0.327354260089686,0.21107266435986158,0.14765100671140943,0.5431034482758621,0.2279069767441862,0.161764705882353
379.0,0.2469565217391304,0.11304347826086955,0.12389380530973446,0.327354260089686,0.20761245674740475,0.14765100671140943,0.5344827586206898,0.22558139534883725,0.15686274509803927
380.0,0.2452173913043478,0.11304347826086955,0.12389380530973446,0.32286995515695066,0.20761245674740475,0.14765100671140943,0.5258620689655173,0.2232558139534884,0.15686274509803927
384.0,0.24347826086956506,0.11304347826086955,0.12389380530973446,0.3183856502242152,0.20415224913494812,0.14765100671140943,0.5172413793103448,0.2232558139534884,0.15686274509803927
386.0,0.24173913043478248,0.11304347826086955,0.12389380530973446,0.3139013452914799,0.20069204152249126,0.14765100671140943,0.5086206896551726,0.22093023255813957,0.15686274509803927
396.0,0.24000000000000005,0.11304347826086955,0.12389380530973446,0.30941704035874446,0.20069204152249126,0.14765100671140943,0.49999999999999994,0.21860465116279074,0.15686274509803927
398.0,0.23826086956521736,0.11304347826086955,0.11504424778761059,0.304932735426009,0.20069204152249126,0.14765100671140943,0.49999999999999994,0.21860465116279074,0.15686274509803927
399.0,0.2365217391304348,0.10434782608695652,0.11504424778761059,0.304932735426009,0.1972318339100346,0.14093959731543623,0.49999999999999994,0.216279069767442,0.15196078431372553
401.0,0.23478260869565215,0.10434782608695652,0.11504424778761059,0.304932735426009,0.1972318339100346,0.14093959731543623,0.49137931034482774,0.2139534883720931,0.14705882352941183
408.0,0.23304347826086946,0.10434782608695652,0.11504424778761059,0.304932735426009,0.1972318339100346,0.14093959731543623,0.48275862068965547,0.2116279069767442,0.14705882352941183
431.0,0.2313043478260869,0.10434782608695652,0.11504424778761059,0.3004484304932734,0.1972318339100346,0.14093959731543623,0.47413793103448293,0.2093023255813954,0.14705882352941183
434.0,0.22956521739130423,0.10434782608695652,0.11504424778761059,0.3004484304932734,0.1972318339100346,0.14093959731543623,0.4655172413793105,0.20697674418604653,0.14705882352941183
436.0,0.2278260869565216,0.10434782608695652,0.11504424778761059,0.3004484304932734,0.1972318339100346,0.14093959731543623,0.45689655172413807,0.2046511627906978,0.14705882352941183
437.0,0.22608695652173902,0.10434782608695652,0.11504424778761059,0.3004484304932734,0.1972318339100346,0.14093959731543623,0.4482758620689657,0.2023255813953489,0.1421568627450981
441.0,0.22434782608695644,0.09565217391304348,0.11504424778761059,0.29596412556053797,0.1972318339100346,0.14093959731543623,0.4482758620689657,0.2023255813953489,0.1421568627450981
442.0,0.2226086956521738,0.09565217391304348,0.11504424778761059,0.29596412556053797,0.1972318339100346,0.14093959731543623,0.43965517241379315,0.19999999999999998,0.13725490196078435
449.0,0.22086956521739123,0.09565217391304348,0.11504424778761059,0.29596412556053797,0.1972318339100346,0.14093959731543623,0.4310344827586207,0.19767441860465126,0.13235294117647065
458.0,0.21913043478260863,0.09565217391304348,0.11504424778761059,0.2914798206278026,0.1972318339100346,0.14093959731543623,0.4224137931034483,0.19534883720930232,0.13235294117647065
459.0,0.21565217391304348,0.09565217391304348,0.11504424778761059,0.2914798206278026,0.1937716262975779,0.13422818791946306,0.413793103448276,0.19069767441860475,0.12254901960784316
461.0,0.21391304347826073,0.09565217391304348,0.11504424778761059,0.28699551569506715,0.19031141868512114,0.13422818791946306,0.4051724137931034,0.18837209302325594,0.12254901960784316
471.0,0.21217391304347824,0.09565217391304348,0.11504424778761059,0.28251121076233177,0.18685121107266436,0.1275167785234899,0.4051724137931034,0.18604651162790695,0.12254901960784316
477.0,0.21043478260869566,0.09565217391304348,0.11504424778761059,0.27802690582959644,0.18685121107266436,0.1275167785234899,0.3965517241379311,0.18604651162790695,0.12254901960784316
490.0,0.20869565217391295,0.09565217391304348,0.11504424778761059,0.273542600896861,0.18685121107266436,0.1275167785234899,0.3879310344827586,0.1837209302325582,0.12254901960784316
491.0,0.20695652173913043,0.09565217391304348,0.11504424778761059,0.273542600896861,0.18339100346020762,0.12080536912751676,0.3879310344827586,0.18139534883720934,0.11764705882352947
494.0,0.20521739130434785,0.09565217391304348,0.11504424778761059,0.273542600896861,0.17993079584775087,0.12080536912751676,0.3879310344827586,0.18139534883720934,0.11764705882352947
499.0,0.2034782608695652,0.09565217391304348,0.11504424778761059,0.273542600896861,0.17647058823529407,0.11409395973154363,0.3879310344827586,0.17906976744186057,0.11274509803921572
501.0,0.2034782608695652,0.09565217391304348,0.11504424778761059,0.273542600896861,0.17647058823529407,0.11409395973154363,0.3879310344827586,0.17906976744186057,0.11274509803921572
502.0,0.20172413793103453,0.09565217391304348,0.11504424778761059,0.273542600896861,0.17647058823529407,0.11409395973154363,0.3793103448275862,0.1767135862913097,0.11274509803921572
503.0,0.20172413793103453,0.09565217391304348,0.11504424778761059,0.273542600896861,0.17647058823529407,0.11409395973154363,0.3793103448275862,0.1767135862913097,0.11274509803921572
510.0,0.20172413793103453,0.09565217391304348,0.11504424778761059,0.273542600896861,0.17647058823529407,0.11409395973154363,0.3793103448275862,0.1767135862913097,0.11274509803921572
516.0,0.19990680335507938,0.09565217391304348,0.11504424778761059,0.273542600896861,0.17647058823529407,0.11409395973154363,0.3706896551724138,0.1742928522325247,0.11274509803921572
519.0,0.19808946877912398,0.09565217391304348,0.11504424778761059,0.2689062856274225,0.17647058823529407,0.11409395973154363,0.3706896551724138,0.1742928522325247,0.11274509803921572
523.0,0.19808946877912398,0.09565217391304348,0.11504424778761059,0.2689062856274225,0.17647058823529407,0.11409395973154363,0.3706896551724138,0.1742928522325247,0.11274509803921572
533.0,0.19808946877912398,0.09565217391304348,0.11504424778761059,0.2689062856274225,0.17647058823529407,0.11409395973154363,0.3706896551724138,0.1742928522325247,0.11274509803921572
537.0,0.19808946877912398,0.09565217391304348,0.11504424778761059,0.2689062856274225,0.17647058823529407,0.11409395973154363,0.3706896551724138,0.1742928522325247,0.11274509803921572
538.0,0.19808946877912398,0.09565217391304348,0.11504424778761059,0.2689062856274225,0.17647058823529407,0.11409395973154363,0.3706896551724138,0.1742928522325247,0.11274509803921572
539.0,0.19808946877912398,0.09565217391304348,0.11504424778761059,0.2689062856274225,0.17647058823529407,0.11409395973154363,0.3706896551724138,0.1742928522325247,0.11274509803921572
540.0,0.19808946877912398,0.09565217391304348,0.11504424778761059,0.2689062856274225,0.17647058823529407,0.11409395973154363,0.3706896551724138,0.1742928522325247,0.11274509803921572
541.0,0.19808946877912398,0.09565217391304348,0.11504424778761059,0.2689062856274225,0.17647058823529407,0.11409395973154363,0.3706896551724138,0.1742928522325247,0.11274509803921572
542.0,0.19808946877912398,0.09565217391304348,0.11504424778761059,0.2689062856274225,0.17647058823529407,0.11409395973154363,0.3706896551724138,0.1742928522325247,0.11274509803921572
543.0,0.19808946877912398,0.09565217391304348,0.11504424778761059,0.2689062856274225,0.17647058823529407,0.11409395973154363,0.3706896551724138,0.1742928522325247,0.11274509803921572
544.0,0.19808946877912398,0.09565217391304348,0.11504424778761059,0.2689062856274225,0.17647058823529407,0.11409395973154363,0.3706896551724138,0.1742928522325247,0.11274509803921572
545.0,0.19808946877912398,0.09565217391304348,0.11504424778761059,0.2689062856274225,0.17647058823529407,0.11409395973154363,0.3706896551724138,0.1742928522325247,0.11274509803921572
546.0,0.19808946877912398,0.09565217391304348,0.11504424778761059,0.2689062856274225,0.17647058823529407,0.11409395973154363,0.3706896551724138,0.1742928522325247,0.11274509803921572
547.0,0.19808946877912398,0.09565217391304348,0.11504424778761059,0.2689062856274225,0.17647058823529407,0.11409395973154363,0.3706896551724138,0.1742928522325247,0.11274509803921572
548.0,0.19808946877912398,0.09565217391304348,0.11504424778761059,0.2689062856274225,0.17647058823529407,0.11409395973154363,0.3706896551724138,0.1742928522325247,0.11274509803921572
549.0,0.19808946877912398,0.09565217391304348,0.11504424778761059,0.2689062856274225,0.17647058823529407,0.11409395973154363,0.3706896551724138,0.1742928522325247,0.11274509803921572
551.0,0.19808946877912398,0.09565217391304348,0.11504424778761059,0.2689062856274225,0.17647058823529407,0.11409395973154363,0.3706896551724138,0.1742928522325247,0.11274509803921572
552.0,0.19808946877912398,0.09565217391304348,0.11504424778761059,0.2689062856274225,0.17647058823529407,0.11409395973154363,0.3706896551724138,0.1742928522325247,0.11274509803921572
553.0,0.19808946877912398,0.09565217391304348,0.11504424778761059,0.2689062856274225,0.17647058823529407,0.11409395973154363,0.3706896551724138,0.1742928522325247,0.11274509803921572
554.0,0.19808946877912398,0.09565217391304348,0.11504424778761059,0.2689062856274225,0.17647058823529407,0.11409395973154363,0.3706896551724138,0.1742928522325247,0.11274509803921572
555.0,0.19808946877912398,0.09565217391304348,0.11504424778761059,0.2689062856274225,0.17647058823529407,0.11409395973154363,0.3706896551724138,0.1742928522325247,0.11274509803921572
556.0,0.19808946877912398,0.09565217391304348,0.11504424778761059,0.2689062856274225,0.17647058823529407,0.11409395973154363,0.3706896551724138,0.1742928522325247,0.11274509803921572
557.0,0.19808946877912398,0.09565217391304348,0.11504424778761059,0.2689062856274225,0.17647058823529407,0.11409395973154363,0.3706896551724138,0.1742928522325247,0.11274509803921572
559.0,0.1941276794035415,0.07971014492753621,0.11504424778761059,0.25963365508854586,0.17647058823529407,0.11409395973154363,0.3706896551724138,0.1688462006002583,0.11274509803921572
560.0,0.1941276794035415,0.07971014492753621,0.11504424778761059,0.25963365508854586,0.17647058823529407,0.11409395973154363,0.3706896551724138,0.1688462006002583,0.11274509803921572
562.0,0.1941276794035415,0.07971014492753621,0.11504424778761059,0.25963365508854586,0.17647058823529407,0.11409395973154363,0.3706896551724138,0.1688462006002583,0.11274509803921572
564.0,0.1941276794035415,0.07971014492753621,0.11504424778761059,0.25963365508854586,0.17647058823529407,0.11409395973154363,0.3706896551724138,0.1688462006002583,0.11274509803921572
565.0,0.1941276794035415,0.07971014492753621,0.11504424778761059,0.25963365508854586,0.17647058823529407,0.11409395973154363,0.3706896551724138,0.1688462006002583,0.11274509803921572
567.0,0.1941276794035415,0.07971014492753621,0.11504424778761059,0.25963365508854586,0.17647058823529407,0.11409395973154363,0.3706896551724138,0.1688462006002583,0.11274509803921572
568.0,0.18888098536560793,0.07971014492753621,0.09587020648967551,0.25963365508854586,0.1654411764705882,0.09507829977628633,0.3706896551724138,0.16181094224191417,0.09663865546218493
569.0,0.18888098536560793,0.07971014492753621,0.09587020648967551,0.25963365508854586,0.1654411764705882,0.09507829977628633,0.3706896551724138,0.16181094224191417,0.09663865546218493
575.0,0.18888098536560793,0.07971014492753621,0.09587020648967551,0.25963365508854586,0.1654411764705882,0.09507829977628633,0.3706896551724138,0.16181094224191417,0.09663865546218493
576.0,0.18888098536560793,0.07971014492753621,0.09587020648967551,0.25963365508854586,0.1654411764705882,0.09507829977628633,0.3706896551724138,0.16181094224191417,0.09663865546218493
578.0,0.18888098536560793,0.07971014492753621,0.09587020648967551,0.25963365508854586,0.1654411764705882,0.09507829977628633,0.3706896551724138,0.16181094224191417,0.09663865546218493
582.0,0.18888098536560793,0.07971014492753621,0.09587020648967551,0.25963365508854586,0.1654411764705882,0.09507829977628633,0.3706896551724138,0.16181094224191417,0.09663865546218493
586.0,0.18888098536560793,0.07971014492753621,0.09587020648967551,0.25963365508854586,0.1654411764705882,0.09507829977628633,0.3706896551724138,0.16181094224191417,0.09663865546218493
587.0,0.18888098536560793,0.07971014492753621,0.09587020648967551,0.25963365508854586,0.1654411764705882,0.09507829977628633,0.3706896551724138,0.16181094224191417,0.09663865546218493
589.0,0.18888098536560793,0.07971014492753621,0.09587020648967551,0.25963365508854586,0.1654411764705882,0.09507829977628633,0.3706896551724138,0.16181094224191417,0.09663865546218493
593.0,0.18888098536560793,0.07971014492753621,0.09587020648967551,0.25963365508854586,0.1654411764705882,0.09507829977628633,0.3706896551724138,0.16181094224191417,0.09663865546218493
597.0,0.18888098536560793,0.07971014492753621,0.09587020648967551,0.25963365508854586,0.1654411764705882,0.09507829977628633,0.3706896551724138,0.16181094224191417,0.09663865546218493
598.0,0.18888098536560793,0.07971014492753621,0.09587020648967551,0.25963365508854586,0.1654411764705882,0.09507829977628633,0.3706896551724138,0.16181094224191417,0.09663865546218493
603.0,0.18888098536560793,0.07971014492753621,0.09587020648967551,0.25963365508854586,0.1654411764705882,0.09507829977628633,0.3706896551724138,0.16181094224191417,0.09663865546218493
619.0,0.18888098536560793,0.07971014492753621,0.09587020648967551,0.25963365508854586,0.1654411764705882,0.09507829977628633,0.3706896551724138,0.16181094224191417,0.09663865546218493
621.0,0.18888098536560793,0.07971014492753621,0.09587020648967551,0.25963365508854586,0.1654411764705882,0.09507829977628633,0.3706896551724138,0.16181094224191417,0.09663865546218493
624.0,0.18888098536560793,0.07971014492753621,0.09587020648967551,0.25963365508854586,0.1654411764705882,0.09507829977628633,0.3706896551724138,0.16181094224191417,0.09663865546218493
625.0,0.18888098536560793,0.07971014492753621,0.09587020648967551,0.25963365508854586,0.1654411764705882,0.09507829977628633,0.3706896551724138,0.16181094224191417,0.09663865546218493
630.0,0.18888098536560793,0.07971014492753621,0.09587020648967551,0.25963365508854586,0.1654411764705882,0.09507829977628633,0.3706896551724138,0.16181094224191417,0.09663865546218493
633.0,0.18888098536560793,0.07971014492753621,0.09587020648967551,0.25963365508854586,0.1654411764705882,0.09507829977628633,0.3706896551724138,0.16181094224191417,0.09663865546218493
634.0,0.18888098536560793,0.07971014492753621,0.09587020648967551,0.25963365508854586,0.1654411764705882,0.09507829977628633,0.3706896551724138,0.16181094224191417,0.09663865546218493
654.0,0.18888098536560793,0.07971014492753621,0.09587020648967551,0.25963365508854586,0.1654411764705882,0.09507829977628633,0.3706896551724138,0.16181094224191417,0.09663865546218493
655.0,0.18888098536560793,0.07971014492753621,0.09587020648967551,0.25963365508854586,0.1654411764705882,0.09507829977628633,0.3706896551724138,0.16181094224191417,0.09663865546218493
658.0,0.18888098536560793,0.07971014492753621,0.09587020648967551,0.25963365508854586,0.1654411764705882,0.09507829977628633,0.3706896551724138,0.16181094224191417,0.09663865546218493
659.0,0.16527086219490697,0.07971014492753621,0.09587020648967551,0.21636137924045484,0.1654411764705882,0.09507829977628633,0.3706896551724138,0.16181094224191417,0.09663865546218493
708.0,0.16527086219490697,0.07971014492753621,0.09587020648967551,0.21636137924045484,0.1654411764705882,0.09507829977628633,0.3706896551724138,0.16181094224191417,0.09663865546218493
734.0,0.16527086219490697,0.07971014492753621,0.09587020648967551,0.21636137924045484,0.1654411764705882,0.09507829977628633,0.3706896551724138,0.16181094224191417,0.09663865546218493
762.0,0.16527086219490697,0.07971014492753621,0.09587020648967551,0.21636137924045484,0.1654411764705882,0.09507829977628633,0.3706896551724138,0.16181094224191417,0.09663865546218493
763.0,0.16527086219490697,0.07971014492753621,0.09587020648967551,0.21636137924045484,0.1654411764705882,0.09507829977628633,0.3706896551724138,0.16181094224191417,0.09663865546218493
805.0,0.16527086219490697,0.07971014492753621,0.09587020648967551,0.21636137924045484,0.1654411764705882,0.09507829977628633,0.3706896551724138,0.16181094224191417,0.09663865546218493
1172.0,0.16527086219490697,0.07971014492753621,0.09587020648967551,0.21636137924045484,0.1654411764705882,0.09507829977628633,0.3706896551724138,0.16181094224191417,0.09663865546218493
